PCA total explained variance =  0.47
             0         1         2         3         4
0     9.265994 -3.744013 -0.815717 -0.087647 -0.001505
1    -1.716136 -3.508862 -1.770373 -2.271322 -3.004632
2     0.527486  3.091472 -5.983496 -5.445912  1.883878
3    -5.298606  3.523515  0.160597  0.706200  0.532034
4     2.404573  0.558622 -0.014958 -1.204824 -2.303992
5    -3.350150 -2.407643  1.043065  2.259663 -1.534639
6     6.455021  1.578728  3.108193  0.923751 -0.756858
7     7.128471 -3.948643  0.018619  0.386412  0.873178
8     5.582725  3.102980 -2.539524 -1.841511 -1.145555
9    -4.250714 -2.666087 -4.196789  0.718847 -0.232322
10   -5.263221  1.560898 -0.780017  4.341960 -0.363866
11    0.461711 -1.305570  2.666586  0.173815  0.025489
12    2.671743  0.395534 -1.570716  0.329304 -1.816934
13   -3.755720 -2.121702 -4.880080 -0.612549  0.132061
14    0.684596 -2.567016 -1.362696  0.096924 -1.545822
15    0.096683 -5.827863  1.745095 -2.150022  6.245473
16   -4.364355 -4.696821  0.978348  0.111695  5.427653
17    4.111617  4.343302 -0.009657 -1.103256 -1.868865
18   -1.451936 -4.541499 -3.695515 -0.756474 -0.696010
19   -0.114974 -1.494298 -0.603446  0.258630  0.748665
20   -2.780526  1.525664  0.317179  2.130867 -0.796413
21    3.335316 -3.796870 -0.859984  0.905286  2.682764
22   -1.864929 -2.175430 -3.909101  0.038066 -0.826117
23    2.418140  0.071533  2.160282  2.150574 -1.355599
24   -1.049704 -0.325911  2.393116  3.098848 -0.555128
25   -0.191129 -1.459166 -0.603760  2.026297 -0.901386
26    3.216559  3.842548  5.012626 -0.978606  3.514481
27   -0.579089 -1.399311  0.463221  0.434584 -2.935511
28   -4.319271  3.288147  0.728754  2.132016 -0.178499
29    2.563854 -3.497204  0.684378 -0.417108 -0.702429
30   -1.635536  3.110730  0.339058  1.237278 -0.558158
31   -0.791529  0.232954 -1.189793  2.485874  1.204554
32    4.743764 -1.259899  1.369357 -1.362026 -0.231406
33    2.694943  7.740579  2.377849  1.529214  1.821810
34   -6.169172 -0.543819  3.976324  1.089282 -1.994762
35   -1.632099 -0.322064 -5.675801 -1.596909  1.086535
36   -0.297170 -1.915053 -1.987754  2.258242  1.902113
37    1.800077 -0.964817 -2.502418  2.083332  0.959691
38   -2.948527 -1.572299  3.504663  3.887508  2.588939
39   -0.417105 -2.622195 -3.241859  1.330010 -0.690970
40    5.962900 -5.131976  3.761877 -4.474038  6.770073
41    0.797860  2.373917 -2.125333 -3.493741 -1.682012
42   -2.778230 -1.176208 -0.346805 -0.468829 -0.306879
43    4.696986  3.645324 -3.887437 -5.714021  1.613565
44   -1.864250  2.911681 -2.981044  2.664120 -3.023080
45    3.572919  2.571120 -2.576663 -1.795545  1.356418
46   -4.538704 -4.095081  2.328206 -0.111369  1.845896
47    6.803896 -4.009010 -1.532064 -1.946416 -0.455900
48   -8.170060  3.622450 -0.333409  2.890403  0.318162
49   -3.457087  4.018653  1.448499  0.465804  2.426137
50   -4.874685  0.750853 -2.588923  1.394953 -0.554458
51   -5.432792  5.041676  0.568524 -0.580319  2.574787
52   -2.048727  2.677771  1.669741 -0.644300  2.902137
53    3.802140 -3.202188 -2.864404 -0.456618 -3.205512
54    1.616144 -0.737445 -0.999677 -1.830457  4.139547
55   -6.220936 -1.032155  1.356130  0.012334 -1.245148
56   -3.384791  2.761225 -0.194285 -3.994113  0.367596
57   -2.412598  3.259323  2.408891  1.571260 -0.180771
58   -2.190840 -1.049099 -5.109800  2.970143 -0.867177
59    4.190029  3.336044 -2.876503 -1.265528 -0.286098
60    5.673346  0.305480 -2.381035 -1.658394 -1.732038
61    0.770366  4.831668 -0.060259 -3.433190 -2.446028
62   -4.637498  2.647202  2.998162  0.102108  0.748442
63    4.815379  0.158396  2.465858  2.559074 -0.101072
64    2.166264 -5.080767 -0.328930  1.422007 -0.022893
65    0.742486  0.907962  1.743461  1.628746 -1.955583
66   -4.785773  2.951903  0.339031 -1.224404 -1.514718
67    5.306485 -4.279550 -2.397161 -0.293695 -2.200342
68   -1.198803  1.865939 -3.840626 -3.203338 -2.264132
69    3.319484  3.172144  1.522183  2.051624 -0.690974
70    4.553946 -0.275128  0.586739  0.753858 -0.948847
71   -2.942155  4.068871 -4.362854  0.589223  0.122747
72   -0.215018  3.010432  1.537030  2.763526  1.304260
73   -4.326758  2.468692  0.042880  2.877681 -2.919883
74    0.260711  1.848419  3.960525  2.649205  1.872146
75   -3.576436  0.017646 -2.743523  4.137895 -0.493839
76   -0.580098  0.753743 -2.547670  1.532750 -3.310757
77   -6.725285 -1.348326 -2.127021 -1.895454  2.915596
78   -0.322114 -0.125382 -4.535460 -2.027516  0.192792
79   -0.552951  5.622404 -1.726641  2.404504  0.048948
80    0.016484  6.850123 -3.212358  0.968661  3.104306
81   -5.788995  2.599451  0.091414 -0.687595  1.793285
82    1.180195 -1.564439 -1.473847 -2.329674 -1.989730
83    7.007276 -2.303808  0.492758 -1.876940 -0.903283
84    7.124455  1.116817 -1.371765 -1.190074  0.503507
85    4.243376 -1.715539  1.574125 -2.091938  0.565320
86   -3.046726  1.116059  1.457116 -2.243894  2.053936
87   -1.344973  1.169494  0.029067 -0.159260  2.595252
88    3.550599 -3.754547  1.152290 -1.685733 -2.718507
89   -2.127404 -0.721863 -0.722561  7.500492  0.622786
90    0.281080 -1.667902 -1.486420  0.034219 -2.268108
91    2.264359  4.872561 -2.547503  3.386767  1.376693
92    4.680239 -5.534741 -3.776369  0.568292 -1.331264
93    4.228705 -1.165563  3.348173 -1.625103  1.127202
94    1.567439 -3.647926  4.281593  1.047388  1.331487
95   -3.789073  1.377412 -2.447029  0.960471 -2.204391
96   -4.461970 -0.428269  3.493377  2.158596  0.694866
97    3.509738  4.236631  1.096573  2.887798  1.592013
98    7.340434 -2.047211 -1.953894  0.953192  0.238492
99    2.617638  0.194730 -3.347106  1.287150  0.029833
100  -3.822035  1.359378  0.694138  0.934257 -4.066016
101   0.734081  1.911045 -4.166903  4.119210  0.630334
102  -4.175623  3.946296 -1.764990  3.028994  0.372755
103  -3.306988 -7.436779 -0.504992  0.607061  0.920864
104   1.954282 -0.605044  0.271409  3.045942  0.193724
105  -3.410563  0.380340  1.855865  0.453942  2.539814
106   2.383700 -2.176034  0.138170  0.797759 -1.196597
107  -3.453708  3.072355  2.245827  0.108860  0.442778
108  -6.306818 -2.586658  2.305207 -1.699438 -3.320336
109   9.113281 -1.329783 -1.446052 -0.041247  1.690071
110  -4.548572  0.548431  0.034854  0.312299  0.312313
111  -2.798081 -2.323382  2.739683 -0.191191 -1.945147
112   7.582435  2.812055  3.127806  2.531617 -0.904319
113   2.710106  5.971127  1.958575  0.535078  1.225526
114  -1.244620 -0.654573 -1.972124  1.072762 -2.647372
115  -1.149991  0.778627 -2.249209  0.668228  2.834256
116   2.305565  1.818765  2.888743 -4.572951  5.672544
117  -2.189277 -5.123904 -5.242378 -0.021311  0.396769
118   1.386784 -0.736284 -1.502701  0.444772 -5.047025
119   4.791785 -3.020828  0.169810  1.675062  0.255875
120   7.579283 -2.162351 -0.624781  0.216794  2.243298
121   0.244356  3.206280  5.981580 -5.091344  1.155108
122  -2.758119  1.588979 -1.282545  1.549879 -0.823887
123  -1.866145 -2.714750 -4.560005 -2.174350 -2.321934
124   0.629980  0.975554  5.736996 -1.112768  3.539228
125   0.133847  5.246584  1.445834  0.258401 -0.025210
126   3.428015 -0.747524 -2.688267  2.139355 -0.542158
127  -2.721185  2.735633 -1.189458 -1.120176  3.869079
128   5.188223  0.302939  1.579225  0.477812  0.886138
129   8.735078 -0.641372 -1.599048  0.753906  0.270559
130  -4.244237  1.946046  3.095900  1.763671  0.544693
131   2.936935  4.190032 -2.344524 -1.629287 -0.455182
132  -2.266470 -3.199022 -0.669732  0.946998 -0.048756
133   3.081041 -3.853393 -0.131985  0.985347 -1.293698
134   4.015856  3.307201  1.863370 -0.410421  1.021619
135  -1.219356  1.453924  0.412027 -0.662643  4.026694
136   2.625497 -1.101036 -0.337416  1.320896 -1.508319
137   4.299347  6.900771  1.355126 -1.055385 -0.215402
138  -0.571125  3.651008  0.688509  5.520847 -0.799166
139  -5.302821 -2.314778 -1.021395 -3.062539  1.994366
140   3.162119 -1.463917 -5.096495  0.053276  0.556116
141   6.672491 -0.098866 -2.911123  0.460670  1.528726
142   3.926482  2.162626  3.669315  2.861437 -2.011786
143  -5.093339  0.243343  0.317066 -2.679352  2.738759
144   3.021482  1.743620 -2.303200 -1.775676 -0.394322
145   0.112129  1.723033  4.542160 -1.792853  1.394016
146   3.493445 -0.482529 -0.621006  6.482975 -0.686586
147   4.820275  0.678166  2.420981 -0.880701 -0.436750
148   1.430629 -1.119988 -2.450300  1.757003  0.798541
149   2.094646  0.316544  1.846643  0.109353 -1.467602
150   2.070335  4.879560  2.821734 -1.532312 -2.968794
151   4.103351 -0.419869 -2.015489  0.435772 -0.100253
152   0.233002 -2.557055  2.655927  2.500006 -2.621012
153  -6.084599 -0.178304 -3.694982 -4.343880  1.717648
154  -0.138419 -1.518498 -1.163669  1.082410 -0.442741
155  -2.351463 -0.204231 -2.463649  4.918883  0.461692
156   5.730742  2.686410  3.647953  2.026182 -1.622814
157   7.951114  0.371193 -1.088370  2.510531  1.422180
158  -4.040084  2.155246 -0.934354 -1.575945 -0.293276
159   1.519358 -0.407639 -1.998987 -1.131329 -1.571238
160   6.124747  1.148284 -2.809132 -0.288169  0.785635
161  -5.449626  1.029808 -0.067956  4.801585 -2.656940
162   4.187771  3.621442 -0.779203 -0.291436  1.812990
163   2.781789  3.723897  3.341805  3.609337  1.923392
164   2.368596 -4.688603 -0.205098  1.107824 -0.786476
165  -1.302599  4.151100  1.731093  2.608669 -1.763424
166  -1.910455 -0.549899 -0.326749  1.763528  2.415137
167  -0.552764  4.479100 -3.734449  0.257931 -1.289949
168  -0.761448 -6.481858  4.941125  3.342338 -0.516741
169   6.602510  0.698380 -0.327970  2.853188 -0.012753
170  -4.784931 -1.885843 -1.770538 -1.639424  3.186618
171  -2.615349  1.926308 -0.514898  2.770955 -0.764862
172  -3.840633  1.982978  2.390280  0.768864  1.448143
173   9.705541 -2.184228 -1.757017  0.636631  1.766672
174   0.502848 -7.368791  1.336966 -0.398595  1.788057
175  -1.034117 -2.777444 -0.147551  1.649720  1.105940
176  -3.832191  3.759166 -1.987541  0.429433 -1.660475
177   2.071792 -0.552746 -0.557917 -0.781877  0.428226
178   0.391728 -0.994660 -1.461184 -0.003981  0.975332
179  -2.217425  0.890780  3.658029  2.051817 -1.254624
180   3.327791 -0.850471  0.136292 -0.933810  0.287273
181   0.209799  1.249999  5.332084 -1.635497  6.698922
182  -8.100616  0.791483 -0.044975 -3.426790  2.226683
183   7.206330  1.606047  3.394643  2.164949  1.967381
184  -4.434564  2.795666 -2.326186  0.748066  0.916313
185  -4.974238  4.356829 -2.159511  1.664212  3.657210
186   3.593676 -0.456843  1.042200 -3.267048 -1.180177
187  -0.508587 -2.306126  3.227999  1.600127 -1.464747
188  -3.531919 -3.131395  3.109745  2.091796  5.138757
189  -2.927775 -2.023461 -0.381204 -1.140067 -4.552980
190   1.221898  0.277106  4.194431 -0.501747 -3.830095
191  -0.207370  3.287203  1.447454 -0.089965 -1.470284
192   3.029997 -1.150800 -0.231760 -1.821429 -1.045975
193  -6.103073 -3.201636  3.673521 -2.043190  2.864436
194  -3.565631  0.456890  1.650180  1.200489 -0.157796
195   3.379267  2.247182  7.089217  0.676647 -1.227196
196  -5.876999 -2.150389  0.875905 -1.216179 -0.319832
197   2.641186 -0.136014  0.766709 -0.813059 -2.020826
198   4.906918  0.876025  0.755763 -2.276755 -3.495232
199  -1.732772 -4.081274  1.914195  5.089721  0.477253
200   0.467556  0.355849 -0.878650  0.184252 -0.689998
201  -9.336687 -1.335488  2.208072 -1.077173 -2.295419
202  -1.526418  2.747676  2.824525 -0.905549 -1.944133
203   4.949996  6.623558 -1.996951 -1.426438  0.084279
204  -2.351861 -4.468589 -2.088618 -0.273380 -1.305334
205   5.254050 -3.543254 -0.435656  1.718964  0.403617
206  -3.607060 -1.698193 -1.982722 -1.952755 -1.313175
207  -2.011458 -1.750439  3.181011 -3.272860 -0.526033
208   6.064409  1.087797  0.438688 -1.065836 -3.041261
209  -1.907184 -8.717883 -0.314961 -1.867871  2.067281
210  -4.736542 -4.366240  1.685436 -1.555011  2.682878
211   0.176511  1.783458  1.403410  2.435235 -0.392921
212  -3.520221 -0.745631 -1.799241 -1.028437  4.512599
213  -2.154254 -0.824689  0.561103 -0.296567 -2.615529
214   3.294188  2.392785 -1.050787 -2.963099 -2.364794
215  -2.843791 -0.552495  0.148036  0.508660 -6.206501
216   0.292234  0.912722 -5.657432  0.130378  0.837957
217   3.660211  2.242786 -1.500459  1.688889  2.643196
218   3.250317 -0.734480 -3.110234 -0.422743 -0.852336
219  -5.286675 -1.491804  2.295098 -4.149842 -2.720534
220   1.281164  9.593520  0.657322 -0.771949  1.874464
221   3.300519  3.982078 -1.315743 -0.774117  0.137651
222   1.061606  0.185516  4.414197 -0.996239  2.609958
223   3.205266  0.836250  0.241025 -1.169184  0.322474
224  -2.411380  0.100134 -0.927251  1.392886 -1.461265
225  -1.844923 -0.678756  0.412876 -3.803867 -2.516693
226   0.185513  2.626762 -2.109114  2.375753  0.611361
227   2.540400 -0.352677  5.144628  0.275046  4.952747
228  -4.357053  0.906428  0.093825  1.933825 -1.394864
229  -4.908687  0.380981  1.952062  2.090138  2.143168
230  -3.600158 -1.959898 -0.190297  1.079365 -1.609221
231  -7.519905  1.907040 -0.091512 -1.156465  3.249202
232  -6.322006  1.210181 -1.670057 -1.147548 -0.139754
233  -3.949063  4.572741 -0.350875 -2.563703 -4.260851
234   3.318284  2.912868  0.148159  4.618497  0.040224
235  -9.674436 -2.077850  7.575783 -1.397550  1.032355
236  -1.274862  4.355709 -2.545014 -0.446260 -1.947102
237  -3.083874 -0.623539  2.181786  0.729981 -0.636893
238  -5.749364 -0.562249 -0.500690 -5.238030  0.279406
239  -2.613627 -5.627207  0.415244 -0.139750 -0.147599
240  -5.606608  3.205831 -0.533412  1.886932  2.004471
241   7.142802 -1.940054  1.242389  4.614507  0.683172
242  -4.618246  5.033655 -1.054512  1.650586 -0.914242
243  -5.559786 -1.804891  3.382447 -0.082156 -2.985805
244  -3.284690  5.935861 -0.998313 -2.104860 -2.785105
245  -0.253723  7.882269  2.837826 -1.075335 -2.454308
246   3.604140 -1.082747 -3.159995 -2.311538  2.469305
247  -5.603625 -4.342573  1.186766  0.445826  0.726405
248  -1.141065 -2.827109 -3.019070  0.334673  0.699441
249  -0.541011 -0.467985 -0.658821 -2.152296 -1.291212
250   1.851685 -0.797273  2.646650  0.960423 -1.648109
251  -1.320126 -1.765948 -2.167960  6.037284  0.274168
252  -2.254453  2.825618  1.888187  0.471366 -1.064951
253   0.593435 -3.601120 -0.534244 -2.139339 -0.359989
254   4.419809 -0.282610 -0.604046 -4.298683  0.436932
255   0.447510  3.148453 -1.372026  3.356982 -0.706852
256  -4.252069 -0.474161  0.259211 -1.113152 -2.593210
257  -4.359523 -3.053640 -3.146711  2.187068  2.831136
258  -1.962516  1.527352  1.589232  1.087223  2.422248
259  -2.358611  0.233308 -3.909079  1.260672 -1.628623
260   5.126935 -0.037626 -0.760403 -1.248816 -0.320251
261   1.188186 -3.395285 -1.103166  4.112911 -2.732095
262  -0.016141 -0.343786 -2.283790 -1.453558 -1.741308
263   1.967361 -2.234741 -5.191738  0.221775  0.043079
264   4.999577  1.239831 -1.345603 -1.369707  0.434362
265  -0.573114 -2.875141  1.904714 -2.634825  2.020683
266  -9.169391  1.301774  0.366736 -1.632280 -3.076215
267   4.291053  0.762709  4.776540 -1.050398 -0.221668
268  -1.714544 -0.375705 -3.288160  2.165951  2.795849
269  -8.410798 -1.453129 -0.005603 -1.513446 -4.094506
270  -7.169947 -0.294612 -0.933516 -1.089896 -0.024182
271   0.877661  5.576494  2.114760 -1.413594 -0.501234
272   6.694941 -0.270272 -4.926656 -0.677203  1.531595
273  -0.655879 -3.955325 -0.931300  6.308562 -0.912461
274   0.384317  5.609894  2.509088 -0.892318 -2.192442
275  -0.973320 -1.325449  4.128286  0.550255  0.281953
276   5.089666 -1.442688 -1.907677 -0.990780 -0.396549
277   5.062857  3.915138 -1.712977 -3.004026  0.772477
278   4.355644 -2.687162  0.837069  0.971211 -0.628410
279   2.724794 -4.307958 -0.107115 -0.569275 -3.738710
280  -1.356292 -8.468079  1.425668  1.538374 -1.105299
281  -3.116643 -0.776376 -2.823329  0.050915  0.960445
282   0.263451 -0.643381  2.009342 -2.186317 -1.789186
283   1.462194  1.635280 -2.353483 -3.263258 -1.536184
284   5.606460  1.720461  0.591248 -0.433120  1.458384
285   5.114153 -2.546887  3.102556 -1.572176 -0.848003
286   5.616427 -2.103012  1.278680 -0.444233 -1.035031
287   0.345886  3.365439  4.940250 -0.552383 -0.416437
288   0.349737  5.580457  5.197320 -2.313507 -4.713870
289   3.006212  1.055955  3.813542  1.169945 -0.861004
290   0.488302 -3.036427 -1.025319 -1.148544 -1.529826
291   0.141324  0.070980  6.498395 -3.124449 -0.782794
292  -0.932718  2.816832  0.734817 -5.142546 -2.213020
293   1.852362 -4.433431  2.675377 -1.057812 -0.220685
294  10.194915 -2.489898 -1.961888 -0.789033  1.925584
295   5.706200 -0.996223  6.269468 -1.704467  1.523210
296   6.081800  0.887117 -0.749903 -3.282014 -0.376277
297  -1.508486 -0.828206  3.565143  0.263363 -2.990901
298   8.352613 -3.144100 -0.170168 -0.840593  1.265423
299  -6.055207 -3.350291 -0.393114 -2.863333 -3.738888
300   6.065572  0.958683  6.586861 -0.091927 -1.771106
301   0.569665  2.946954  0.548321 -3.032515 -0.017342
302  -3.285005 -4.778184  0.783366 -2.695491  5.086913
303   3.296267 -1.629889  1.014358 -2.902642 -1.034656
304  10.984648 -2.015623 -2.568223 -0.048414  1.554818
305  -1.039914  4.560769 -3.609412 -0.362720  3.054126
306   0.237812 -1.271667 -0.461147  1.598562 -0.368632
307   8.990380 -2.178197 -0.661177  1.392397  0.857634
308   1.101056 -1.660919 -2.511752  0.703073 -1.488826
309   7.042409 -2.722191 -2.261881  2.635679 -0.729670
310   5.331195  4.012076  2.020041  2.388751  0.939348
311  -2.188171  3.416225  4.061827 -3.209834 -1.466426
312   3.890826 -0.420398  2.355479  0.041150  1.200058
313   4.509341 -0.325554  4.873292  0.311943 -0.240892
314   0.992361 -3.854428 -2.802455  0.133628 -1.834894
315  -3.988803 -7.785236  1.775367 -1.726230 -1.947193
316  -1.721527 -2.817783  1.049339 -3.044295 -1.271127
317   4.530577  4.663610  2.474311  1.763827 -0.092280
318  -4.167267 -0.444014 -2.797023  0.230337  0.540797
319   4.842676  6.570201  0.081839 -0.480394  1.589833
320  -0.050123 -1.004808 -1.124644  0.918264  0.690864
321   1.127949 -0.565179 -1.002570 -0.960333  1.117781
322   1.510453  0.218850  0.510256 -1.618231 -2.197794
323   1.158477 -0.953375 -0.521775 -2.405829 -2.064337
324   4.828602 -3.299750  1.026109  0.321043 -3.495621
325   2.870113 -0.188132  1.389351 -3.102219 -0.494683
326   2.416654  2.467130 -4.290487 -0.406404  0.748450
327   2.457012 -3.142085 -0.012943 -0.371232 -1.033101
328  -3.819960  1.606127  0.491978 -4.240842  0.254154
329  -0.209443  0.359541 -3.435438  0.530236 -1.841864
330   1.778256 -0.612861  2.903293  0.158220  1.060605
331  -0.094719  1.586086  2.010775 -3.252704 -5.207155
332  -2.768342  1.450559 -0.915246 -4.770351 -2.328242
333  -6.521031  1.020487  2.649206  2.138187 -1.058018
334  -3.381556 -1.656691  1.971132 -0.385029 -2.671430
335  -0.375629 -0.412612 -1.533963  1.259996  1.971016
336  -4.353269  0.962478 -0.532535 -4.361555  0.986770
337   7.546242  0.155485  3.293088 -0.332970  2.498355
338  -4.953002  1.784636 -3.971304  3.074628 -0.594501
339  -3.161810 -0.462851  2.964572  1.789110 -0.193427
340  -4.145264  1.572433 -1.263728  4.571423  3.389418
341  -5.005507 -0.344375  2.935832 -1.842795 -1.011846
342   3.287450  3.971699  3.685143 -0.106720  4.780606
343  -9.653367  1.921404  0.111401 -0.616546  4.886842
344  -2.119643 -4.579707  0.210620  3.731669 -0.464992
345  -3.022947 -0.762961  1.888990 -3.052471  3.321564
346  -0.884814  5.258718 -3.742748 -2.339642 -0.930259
347  -3.822740 -2.276403 -3.178131 -1.874111 -0.840066
348  -2.881306  1.014983 -3.742909 -1.450207  1.413284
349  -0.511827  1.162148 -0.308345  2.902208 -3.575016
350  -7.200161  1.452954  1.168026  1.996028  2.822336
351  -2.284698  2.884356 -2.933938 -3.725385  1.600188
352   1.647288  2.594078 -1.743297  2.523838 -0.559196
353   3.931422  1.536693  6.372799  1.384463 -5.273481
354   2.882305  1.371759  0.095818 -2.790975 -1.528395
355   3.340984 -0.757605  1.318334 -1.821638  1.325304
356  -0.354342 -5.426815  1.637579  6.444225  2.506653
357   0.392686 -4.741584  1.605996 -1.326843 -2.125712
358  -6.269195 -3.370834 -2.336440 -1.275366  5.553610
359   4.291689 -2.333200  4.268436  2.016509  1.324546
360   5.729810 -1.657470 -0.397460  4.857438 -0.218702
361  -3.793298 -1.946344  3.300582  1.207145  2.282861
362   4.309331  2.997615 -2.281033 -4.363503  1.621420
363  -3.830744  2.547641  2.024359  2.804898 -0.992559
364   6.390161 -0.791892  0.045809 -3.976745 -1.989011
365  -3.851613 -1.059006 -2.033168 -0.682233 -0.572850
366   5.031331 -3.303160  0.899883  0.367782 -0.277114
367  -1.012717 -0.468393 -0.394872  5.136523  1.054788
368   3.793184 -0.886331  1.533450  2.831745  1.055222
369  -6.197139 -6.209571  1.819923 -4.648679  2.147911
370   2.716347 -1.976595 -0.991319  2.435287 -2.674207
371   3.608542  3.025756 -1.883794 -1.384421 -1.618516
372   1.357845  1.615442  1.549241  2.475159  2.597081
373  -4.906789  3.556562  1.431002  0.046344  0.735198
374  -0.242877 -0.706085 -3.424134  0.905290 -1.961387
375   2.155532  3.173419  2.551587  2.652545  1.275830
376   0.741565 -6.215304  0.616075 -0.905077 -0.999508
377  -5.930708  3.077152 -1.994213  4.388074 -0.654179
378  -4.515202  2.844583  2.315474 -2.102856 -2.148305
379  -3.527523 -0.195121 -2.524215  3.743427 -0.210586
380  -1.109008 -2.141551  0.306977  0.998688 -2.395860
381  -6.949104  2.160228 -0.544675 -0.651519  1.406720
382  -0.481735 -1.123173 -0.360288 -1.626504 -2.271825
383   2.053552 -1.801690 -3.122266  0.782646 -0.792080
384  -4.448153 -0.976645 -0.251444  3.751308 -0.627998
385   1.502334  4.118898 -0.523086  0.014872  1.571071
386  -1.444856 -0.141489 -1.921090 -0.262493  1.645458
387   0.996472 -7.092381  0.250383  0.169128  2.541670
388   4.351972 -0.079650 -1.513269  1.627983 -0.107342
389  -2.742458  0.518109 -2.679677 -0.454665 -3.114662
390   1.445821 -4.394771  2.102080  1.871425  0.140679
391  -1.286917  0.839451 -0.771652  0.796005  5.921743
392   3.836776  5.239835 -0.717868 -0.056598  2.192407
393  -1.844945  2.225949 -3.649791  1.965818 -0.973427
394   0.483945 -2.163605  1.820038  6.421546 -1.880391
395  -0.678434  2.101824 -3.070197  1.431489 -1.303888
396   2.693308  0.632134 -0.479401  2.115267  1.683577
397   1.733981  0.807873 -3.174658 -0.752329  2.003412
398   2.326445  1.140096 -0.134607 -1.726816 -2.305213
399   0.261077 -1.938169 -1.123292 -0.736505 -1.047286
400   0.849854 -2.060389 -5.188971  1.012702  2.477018
401   5.419433  1.123512  2.208052  1.239017 -1.696096
402  -5.423087  3.387310 -0.701053  0.552310 -0.277492
403   0.420496 -3.328918 -2.213742 -2.416603  0.073441
404   2.219685 -2.483256  3.666677 -5.468646  5.418204
405   0.625606 -0.197986  1.574057  3.486920  0.337905
406   1.697173  0.671815 -0.115075 -3.256059 -0.199381
407  -5.430573 -6.670351  6.566340  0.188033  0.913769
408  -0.581072 -0.304473 -1.960173  2.899734  1.103641
409  -4.006193 -3.744573 -0.324224  0.277900  0.360313
410   3.527122  1.654253  3.777610 -1.132138  1.659064
411  -6.429748 -1.916142  0.816410 -0.217024  0.039861
412  -6.802556 -4.212054 -1.378645 -1.906154 -1.153304
413  -1.588514  1.713243  0.349898 -2.749914 -3.075664
414  -2.896677  0.791031  1.972530  4.731868 -2.651136
415  -0.599003 -2.271394 -0.048206  5.301594  1.587175
416  -6.305185 -0.986630 -0.990848 -3.752032 -1.551991
417   3.250201  2.265630  1.067258  0.837676 -0.833327
418   3.274505  3.864376 -1.323607 -2.342115  1.392889
419  -1.216263 -2.671670 -4.678888  3.940905  0.409349
420  -2.445139  6.414229 -0.930595  0.377588  3.475786
421  -1.323865 -1.683507 -4.137070 -0.671084  0.838003
422   1.304117  0.536982 -6.000611 -1.240128  1.466589
423   0.717963  1.341341  0.085952  1.676557  0.431065
424  -3.062116 -1.039322  0.528392 -1.580906 -0.928496
425  -1.950120  0.509565 -4.369274 -3.349751 -3.109707
426  -2.596926  1.500179 -1.572729 -2.836657 -0.033097
427  -4.086592  0.164274  0.179042  0.378493  0.006233
428  -4.527299  1.310353  1.402926 -0.709929 -0.228002
429   4.574745  5.966147  1.494418  0.859977 -1.409203
430  -5.602368  4.096959 -4.216054  2.590716  1.334792
431   1.884401 -6.118672  2.944728 -0.080405  1.821444
432   3.655443 -2.017108 -0.569788 -2.563217 -0.136830
433  -3.330534 -6.562517  0.386048  1.507495 -2.034346
434   2.795625  1.860507  1.974480 -2.491213 -3.050730
435   2.931642  3.752706 -0.833731 -0.039275  1.415712
436   1.316036  4.235662 -1.293243 -0.251006 -0.494257
437  -5.478310 -0.093687 -1.981107 -3.744248  3.315362
438   1.173848  3.526476  0.442345 -0.328050 -1.627716
439  -1.553395  2.116838 -0.219001 -1.117872  2.651832
440   7.582021  2.180699 -0.322243  1.184532  1.203831
441  -5.884709 -0.423126 -1.865686  0.285789  3.202037
442  -0.745069 -0.961129  0.665430 -0.215315  1.289048
443   3.791004  0.016068 -0.082490 -1.353519 -0.547045
444  -4.351744  2.792594  0.865660  0.223019  2.428079
445  -0.477635  3.673990 -2.202580 -0.407224 -0.177893
446   3.620121 -1.788344  0.442505  1.840231  0.277020
447  -1.368213 -0.887962  2.455931  0.513496  2.154180
448  -0.231689  1.006771  4.565056 -2.178713 -1.625137
449   5.248359 -1.341243  4.864255  0.725486 -1.547063
450  -1.470486 -1.342895 -5.716059 -2.740383  2.849222
451  -2.050334 -5.085513  3.764483  3.036264  0.803930
452   3.387746  4.519905 -1.240328 -2.301910 -1.694055
453  -2.671876  0.492933  1.704352 -0.740731 -1.835057
454  -3.214809  0.856901  1.509031 -0.591750 -2.919355
455   0.556333 -2.214568 -3.819311 -1.196024 -1.128452
456   6.037565 -0.939072 -2.291651  1.862984 -0.053368
457  -1.191043  0.207096  0.752482 -1.247809  4.806987
458   0.251261  0.990642  0.222122  0.780275  3.510395
459  -2.910675  0.780877 -3.897889 -2.754008  4.086526
460   9.099261 -1.636529 -2.604403 -0.731569  0.096960
461  -2.943134 -2.602103  1.123689 -0.374774  1.233663
462  -1.479601 -8.052372 -0.607878 -1.659643  2.485920
463  -1.224611 -2.362712  0.887384  3.575659  0.395874
464   3.971025 -1.377073 -0.107978 -2.475443 -2.284789
465  -2.088268  2.919863  0.895270  1.436318  2.328595
466   2.291066 -0.483533 -0.549256 -1.859210  5.183491
467  -0.590604 -2.283967 -3.765837  2.375660 -3.275495
468   3.720421 -4.241761 -0.927703 -2.121897 -1.410823
469  -2.456094 -0.037710  2.817457 -1.913447 -2.415486
470  -0.908616  1.220632 -3.965438  1.213380 -0.461805
471  -2.326417 -0.723026  3.436188 -2.946269 -2.000681
472   5.674993 -0.701524  1.319589 -0.051569  2.383802
473  -4.208701 -1.771756  1.588777 -2.576740  3.441210
474  -0.549805  3.398865 -3.762374 -1.712283  3.007542
475  -5.779036 -2.677976  0.090351 -6.218056 -3.319273
476   1.557042 -1.950004 -2.435478 -2.596442 -4.449892
477   1.461490 -0.991437 -3.781448  1.579134  0.181987
478   0.674084 -0.638726 -0.787283 -4.973498  2.419300
479  -1.843932  0.049811  2.097208  1.001250  3.818539
480  -6.653243  1.838570  0.690847  1.899469 -3.476527
481   4.058129 -1.458454  0.404694 -2.538771  0.028283
482   3.931996  4.124998 -0.329797 -0.397480 -1.360669
483  -1.817375 -1.003748 -1.716111  0.535944 -1.446583
484  -2.885095  2.026509 -0.607894  0.822535 -2.690332
485   0.693917 -6.332240  4.282269 -0.465752 -2.350416
486  -1.236753 -0.000645  0.741774 -2.312661 -2.322650
487  -5.306528  0.904092  1.222867  1.692061 -2.348100
488  -8.185998  2.771211  1.297461  0.795449 -1.711373
489  -0.306566  3.668620 -2.907544  4.311603 -0.451342
490   8.797111 -4.461105 -2.707489  0.767192 -0.797073
491   7.917117 -1.506277 -1.090931 -0.040793  1.195084
492   3.187725 -2.638036 -0.846403 -3.213158 -0.816155
493  -8.798198  0.320212  1.224030 -0.517190  0.719389
494  -4.149828  0.933823 -2.229586  0.930800  3.519014
495  -4.126883 -0.558203  0.769711 -0.032802 -1.551280
496   4.192892  5.998433  5.488424  0.166513  0.676125
497  -3.025584 -0.602438  2.042329  0.448264 -1.415968
498  -4.086994 -5.460179  1.214779  0.669967  4.322977
499  -3.163443 -3.908891  1.061679 -0.963144 -4.994589