                0         1
Class 2 -1.391657 -0.867659
Class 3  0.204516  0.489296
Class 1 -0.061794  0.323441
Class 1 -0.202675  1.005994
Class 2 -0.321165  0.699487
Class 2  2.165862  0.166543
Class 3 -0.618002  1.004795
Class 3 -0.862973 -2.113811
Class 3 -0.317682  0.576042
Class 3  0.276134  1.890850
Class 2  0.585976 -0.015776
Class 1 -0.663291 -1.042280
Class 3 -0.528655  0.977889
Class 1 -0.243040  0.502323
Class 2  0.214416  0.099848
Class 2  1.157395 -0.714034
Class 2  0.260469  0.982959
Class 3 -1.267766  0.629588
Class 1  1.574817  0.492062
Class 2 -1.258576 -0.234546
Class 1 -0.014372 -1.481845
Class 2 -0.003002  1.309904
Class 2 -2.253394  1.211278
Class 2 -0.188459 -0.106758
Class 1  0.322129 -0.196323
Class 3  0.661291  0.031557
Class 2  0.402557  0.456492
Class 2  0.172012  1.832813
Class 3 -0.573542 -0.005150
Class 1 -1.866858  0.107530
Class 1  0.793708  0.975685
Class 2  0.387632  1.075076
Class 1 -0.721234  0.667619
Class 3 -0.018045  0.606499
Class 3  1.410606 -0.659812
Class 2  0.429963 -1.655160
Class 3  1.295614 -0.077800
Class 3  0.457239 -1.360091
Class 1  0.152355  1.167467
Class 1 -2.311364  0.789269
Class 2 -1.166151  0.303050
Class 1  0.248968 -0.741191
Class 2 -0.619802 -0.429495
Class 1  1.392179 -0.599012
Class 1 -0.182907 -0.890945
Class 2  0.108145  0.036502
Class 1  0.263596  0.828599
Class 3 -0.722729  2.331393
Class 1  0.574229  0.483581
Class 3 -1.222040  0.374151
                0         1
Class 2 -0.393766 -1.033813
Class 3  1.600424 -1.677435
Class 1  0.483434  0.739528
Class 1  1.039798  1.085736
Class 2  0.357472  0.623473
Class 2 -0.105560 -1.587695
Class 3  1.213100  0.000868
Class 3 -1.833408  0.851180
Class 3 -0.193021  0.894251
Class 3  2.171153 -0.080423
Class 2 -0.087405 -0.595301
Class 1 -1.568776  1.781513
Class 3  0.280179 -0.307944
Class 1 -0.171577  1.631267
Class 2 -0.456907  0.576074
Class 2  0.082555 -1.857903
Class 2  0.509274 -1.255779
Class 3  0.822702  0.895818
Class 1  0.073604 -0.792639
Class 2 -0.817539  2.938250
Class 1 -1.440417  0.017650
Class 2  1.748764 -0.202116
Class 2  0.976288  2.127443
Class 2 -0.420283  0.032233
Class 1  0.293439  0.154979
Class 3 -0.282520  1.499870
Class 2 -0.351877  1.696169
Class 2  1.558535 -1.053164
Class 3  0.966010 -0.876235
Class 1  0.351138  0.980792
Class 1 -0.716406  0.218956
Class 2 -0.041991  0.774083
Class 1  0.474243 -0.367718
Class 3 -0.213234  2.088378
Class 3 -0.737908 -0.754541
Class 2 -2.356128  0.243402
Class 3  0.345299  0.090712
Class 3 -1.441681  0.927028
Class 1  2.616696 -0.513981
Class 1  1.062109  1.103381
Class 2  0.222677  1.938972
Class 1 -1.668896  1.117291
Class 2 -0.287980  0.277225
Class 1 -0.702928 -1.266532
Class 1 -0.441024  1.068142
Class 2  0.270696 -2.033729
Class 1  0.215599 -1.147311
Class 3  2.869846  0.682644
Class 1  1.652345 -1.980710
Class 3 -0.109909  0.060537
LDA model accuracy = 0.3055555555555556
PCA model accuracy = 0.3333333333333333